100,100000,1,0,0
100,115105,2,0,0
100,115108,3,0,0
100,115110,4,0,0
100,115111,5,0,0
100,115112,6,0,0
100,115114,7,0,0
100,115116,8,0,0
100,115118,9,0,0
100,115120,10,0,0
100,115122,11,0,0
100,115124,12,0,0
100,115126,13,0,0
100,115128,14,0,0
100,115130,15,0,0
100,1815152,16,0,0
100,1815153,17,0,0
100,1815154,18,0,0
100,1815156,19,0,0
100,1815162,20,0,0
100,1815164,21,0,0
100,1815166,22,0,0
100,1815168,23,0,0
100,1815170,24,0,0
100,1815172,25,0,0
100,1815173,26,0,0
100,1815174,27,0,0
100,1815176,28,0,0
100,1815178,29,0,0
100,1815180,30,0,0
100,1815182,31,0,0
100,1815185,32,0,0
200,100000,1,0,0
200,200000,2,0,0
200,118204,3,0,0
200,118208,4,0,0
200,118209,5,0,0
200,118210,6,0,0
200,118212,7,0,0
200,118214,8,0,0
200,118216,9,0,0
200,118218,10,0,0
200,118220,11,0,0
200,118222,12,0,0
200,118232,13,0,0
200,118234,14,0,0
200,118236,15,0,0
200,118250,16,0,0
200,1818254,17,0,0
200,1818256,18,0,0
200,1818258,19,0,0
200,1818260,20,0,0
200,1818262,21,0,0
200,1818264,22,0,0
200,1818266,23,0,0
200,1818268,24,0,0
200,1818270,25,0,0
200,1818272,26,0,0
200,1818274,27,0,0
200,1818276,28,0,0
200,1818277,29,0,0
200,1818278,30,0,0
200,1818279,31,0,0
200,300000,32,0,0
300,100000,1,0,0
300,200000,2,0,0
300,122303,3,0,0
300,122304,4,0,0
300,122305,5,0,0
300,122306,6,0,0
300,122308,7,0,0
300,122310,8,0,0
300,122312,9,0,0
300,122314,10,0,0
300,122316,11,0,0
300,122318,12,0,0
300,122320,13,0,0
300,122322,14,0,0
300,122324,15,0,0
300,122326,16,0,0
300,122328,17,0,0
300,122330,18,0,0
300,1822340,19,0,0
300,1822344,20,0,0
300,1822346,21,0,0
300,1822348,22,0,0
300,1822350,23,0,0
300,1822352,24,0,0
300,1822354,25,0,0
300,1822356,26,0,0
300,1822358,27,0,0
300,1822360,28,0,0
300,1822361,29,0,0
300,1822362,30,0,0
300,1822366,31,0,0
300,300000,32,0,0
400,100000,1,0,0
400,110402,2,0,0
400,110404,3,0,0
400,110406,4,0,0
400,110408,5,0,0
400,110410,6,0,0
400,110412,7,0,0
400,110414,8,0,0
400,110416,9,0,0
400,110418,10,0,0
400,110420,11,0,0
400,110430,12,0,0
400,110432,13,0,0
400,110434,14,0,0
400,1810452,15,0,0
400,1810454,16,0,0
400,1810456,17,0,0
400,1810458,18,0,0
400,1810460,19,0,0
400,1810464,20,0,0
400,1810466,21,0,0
400,1810468,22,0,0
400,400000,23,0,0
400,500000,24,0,0
400,1810474,25,0,0
400,1810476,26,0,0
400,1810478,27,0,0
400,1810480,28,0,0
400,1810482,29,0,0
400,1810484,30,0,0
400,1810485,31,0,0
400,1810486,32,0,0
500,100000,1,0,0
500,102502,2,0,0
500,102503,3,0,0
500,102504,4,0,0
500,102505,5,0,0
500,102506,6,0,0
500,102508,7,0,0
500,102510,8,0,0
500,102512,9,0,0
500,102514,10,0,0
500,400000,11,0,0
500,500000,12,0,0
500,102520,13,0,0
500,102522,14,0,0
500,102526,15,0,0
500,102528,16,0,0
500,102530,17,0,0
500,102532,18,0,0
500,102534,19,0,0
500,102536,20,0,0
500,1802554,21,0,0
500,1802556,22,0,0
500,1802558,23,0,0
500,1802560,24,0,0
500,1802562,25,0,0
500,1802564,26,0,0
500,1802574,27,0,0
500,1802576,28,0,0
500,1802578,29,0,0
500,1802580,30,0,0
500,1802582,31,0,0
500,1802584,32,0,0
